1
0.00478353
0.00355008
 0.0296421
0.99994182 0.00864818 0.00644718
-0.00822739 0.99800096 -0.06266101
-0.00697619 0.06260432 0.99801404
0.02682838
2
-0.0104707
 0.0478947
 0.0280072
0.99980009 0.00214547 0.01987901
-0.00023749 0.99543049 -0.09548867
-0.01999304 0.09546486 0.99523200
0.02541830
3
-0.010653
 0.021389
0.0272691
0.99982473 0.00340971 0.01840853
-0.00222614 0.99795147 -0.06393669
-0.01858882 0.06388450 0.99778416
0.02773479
4
0.000559656
  0.0261458
  0.0284217
0.99996690 0.00789603 0.00196179
-0.00771953 0.99694023 -0.07778555
-0.00256998 0.07776783 0.99696818
0.03104085
5
0.00375689
0.00723807
 0.0256823
0.99995897 0.00904755 -0.00043852
-0.00905793 0.99911106 -0.04117088
0.00006563 0.04117317 0.99915202
0.04007703
6
 -0.00221567
-0.000924438
    0.022662
0.99975325 0.01241051 0.01842346
-0.01177968 0.99935368 -0.03396272
-0.01883305 0.03373731 0.99925328
0.04164013
7
-0.00412316
-0.00548391
  0.0213356
0.99953390 0.01937331 0.02359367
-0.01858501 0.99927643 -0.03318454
-0.02421949 0.03273058 0.99917072
0.04414590
8
-0.00267237
 -0.0207353
  0.0207351
0.99954585 0.02610941 0.01504659
-0.02614866 0.99965514 0.00241758
-0.01497828 -0.00280993 0.99988387
0.06400635
9
0.000632635
 -0.0106189
  0.0225835
0.99979905 0.01989465 0.00246168
-0.01972224 0.99818203 -0.05695325
-0.00359027 0.05689325 0.99837381
0.03772530
10
 0.0020745
0.00160139
 0.0252474
0.99989570 0.01441690 0.00086012
-0.01425013 0.99451227 -0.10364492
-0.00234964 0.10362186 0.99461399
0.06513605
11
0.00128764
0.00515199
 0.0252647
0.99990076 0.01155327 0.00806222
-0.01072082 0.99526548 -0.09660069
-0.00914010 0.09650467 0.99529056
0.05215505
12
0.0028389
0.0132881
0.0277268
0.99997919 0.00645185 0.00004021
-0.00640161 0.99293043 -0.11852504
-0.00080464 0.11852232 0.99295106
0.07308503
13
0.00350364
 0.0129802
 0.0278312
0.99996147 0.00876098 0.00054940
-0.00867239 0.99566048 -0.09265522
-0.00135877 0.09264689 0.99569810
0.04388315
14
0.00535255
 0.0204315
 0.0298707
0.99992996 0.01001308 -0.00631042
-0.01071809 0.99223361 -0.12392576
0.00502053 0.12398472 0.99227143
0.07027389
15
0.00731995
 0.0218102
 0.0303134
0.99986578 0.01115116 -0.01200281
-0.01238602 0.99404368 -0.10827629
0.01072391 0.10841043 0.99404838
0.05130594
16
0.00405431
 0.0172873
 0.0282838
0.99972474 0.01205153 0.02012982
-0.01079858 0.99806513 -0.06123227
-0.02082882 0.06099804 0.99792054
0.04143441
17
0.00470406
 0.0156986
  0.028326
0.99980707 0.01696142 0.00990631
-0.01636358 0.99820588 -0.05759568
-0.01086544 0.05742246 0.99829084
0.03662253
18
0.00455436
 0.0163979
 0.0280033
0.99986242 0.01319197 0.01005567
-0.01247126 0.99756313 -0.06864595
-0.01093674 0.06851110 0.99759041
0.02972486
19
0.00559858
 0.0157443
  0.028078
0.99993029 0.01180313 0.00031381
-0.01175593 0.99770485 -0.06668458
-0.00110018 0.06667624 0.99777406
0.02709173
20
0.00565955
 0.0128871
 0.0275923
0.99979007 0.02009607 0.00399633
-0.01988457 0.99868109 -0.04733580
-0.00494233 0.04724640 0.99887104
0.04651649
21
0.00668928
  0.013013
 0.0274795
0.99987688 0.01547231 -0.00261555
-0.01560074 0.99809987 -0.05960930
0.00168829 0.05964276 0.99821836
0.03438528
22
0.00792189
 0.0133518
 0.0272415
0.99985566 0.01482190 -0.00830427
-0.01534566 0.99763303 -0.06702877
0.00729112 0.06714653 0.99771648
0.03821981
23
0.00736986
 0.0152081
 0.0274789
0.99993582 0.01108426 0.00234508
-0.01084533 0.99633420 -0.08485600
-0.00327705 0.08482512 0.99639047
0.02895083
24
0.00663107
 0.0132632
 0.0268615
0.99983483 0.01359930 0.01205740
-0.01286082 0.99815483 -0.05934248
-0.01284217 0.05917761 0.99816486
0.03421376
25
0.00495688
0.00928853
 0.0259819
0.99948305 0.01729305 0.02710336
-0.01660894 0.99954278 -0.02526593
-0.02752789 0.02480271 0.99931328
0.06496143
26
0.00544814
0.00924557
 0.0260587
0.99971152 0.02051644 0.01248791
-0.01991794 0.99872905 -0.04629863
-0.01342192 0.04603654 0.99884958
0.04470892
27
0.00391905
0.00796231
 0.0252861
0.99948976 0.01840250 0.02610671
-0.01727477 0.99893501 -0.04278359
-0.02686623 0.04231077 0.99874321
0.04924653
28
0.00412734
0.00908832
  0.025416
0.99980881 0.01338344 0.01425595
-0.01241191 0.99773018 -0.06618484
-0.01510938 0.06599524 0.99770554
0.03210254
29
 0.0034749
0.00914968
 0.0252824
0.99976839 0.01239144 0.01759611
-0.01119564 0.99772346 -0.06650230
-0.01838011 0.06628990 0.99763110
0.02580361
30
0.00367833
0.00686618
 0.0247539
0.99980097 0.01572870 0.01227340
-0.01523425 0.99910776 -0.03939027
-0.01288201 0.03919546 0.99914852
0.04328377
31
0.00357619
0.00591571
 0.0245149
0.99988632 0.01058692 0.01073622
-0.01015647 0.99917252 -0.03938433
-0.01114429 0.03927082 0.99916646
0.04415918
32
0.00232759
0.00176901
 0.0236648
0.99943091 0.01514714 0.03013998
-0.01515680 0.99988512 0.00009204
-0.03013513 -0.00054882 0.99954568
0.09395372
33
0.000868728
0.000229671
  0.0233173
0.99912701 0.01482153 0.03905811
-0.01444488 0.99984658 -0.00990780
-0.03919897 0.00933496 0.99918782
0.07904167
34
  0.00112017
-0.000383154
   0.0231656
0.99971181 0.01176939 0.02092321
-0.01122257 0.99959731 -0.02606287
-0.02122153 0.02582055 0.99944132
0.05039619
35
0.00199243
0.00183719
 0.0237334
0.99996473 0.00794196 0.00273293
-0.00772405 0.99736251 -0.07216899
-0.00329888 0.07214533 0.99738867
0.03315362
36
0.00292327
0.00203708
  0.023994
0.99987579 0.01453619 -0.00609088
-0.01492708 0.99743601 -0.06998993
0.00505788 0.07007215 0.99752910
0.04046809
37
 0.0036255
0.00263304
 0.0239548
0.99991066 0.01029449 -0.00852568
-0.01088207 0.99734451 -0.07201048
0.00776173 0.07209683 0.99736744
0.03912313
38
0.00335514
0.00158282
 0.0235838
0.99988022 0.01410905 0.00636193
-0.01376677 0.99860543 -0.05096730
-0.00707216 0.05087361 0.99868006
0.03902230
39
0.00344025
0.00296794
 0.0239141
0.99994577 0.00923109 0.00482117
-0.00883576 0.99703629 -0.07642360
-0.00551236 0.07637686 0.99706378
0.03209612
40
 0.00262869
0.000407292
   0.023327
0.99965518 0.01410375 0.02214949
-0.01349517 0.99953375 -0.02738901
-0.02252545 0.02708066 0.99937943
0.05302128
41
0.00333045
0.00285943
 0.0239479
0.99989178 0.01424092 0.00368983
-0.01388156 0.99638271 -0.08383792
-0.00487041 0.08377763 0.99647257
0.03991660
42
0.00420663
0.00530136
 0.0244963
0.99993564 0.00911035 -0.00676170
-0.00981138 0.99364302 -0.11214850
0.00569701 0.11220763 0.99366845
0.08039678
43
0.00392069
 0.0039437
 0.0243394
0.99995691 0.00819145 0.00436772
-0.00789214 0.99787836 -0.06462583
-0.00488784 0.06458858 0.99790001
0.02318673
44
0.00404994
0.00551809
 0.0246208
0.99986470 0.01555907 0.00533743
-0.01500453 0.99567609 -0.09167326
-0.00674070 0.09158077 0.99577484
0.05079086
45
0.00345092
0.00541311
  0.024322
0.99961111 0.02055291 0.01884709
-0.01907579 0.99696642 -0.07545909
-0.02034082 0.07507022 0.99697077
0.04009112
46
0.00308796
0.00553787
 0.0241946
0.99976682 0.01061458 0.01880498
-0.00926116 0.99745809 -0.07065122
-0.01950711 0.07046059 0.99732381
0.02971040
47
0.00339677
0.00623645
 0.0243972
0.99989491 0.01266831 0.00704912
-0.01205541 0.99663475 -0.08107929
-0.00805253 0.08098579 0.99668273
0.03150114
48
0.00338816
0.00595385
 0.0243867
0.99991216 0.01102535 0.00735686
-0.01051295 0.99773866 -0.06638550
-0.00807215 0.06630233 0.99776693
0.02680416
49
 0.0043604
0.00874859
  0.025309
0.99990730 0.00729267 -0.01149805
-0.00862147 0.99272271 -0.12011364
0.01053843 0.12020163 0.99269356
0.07998331
50
0.00397353
0.00953629
 0.0253686
0.99992570 0.01099530 0.00526358
-0.01035904 0.99403537 -0.10856505
-0.00642589 0.10850246 0.99407541
0.05942627
51
0.00369074
0.00869043
 0.0251451
0.99983673 0.01235685 0.01318402
-0.01140792 0.99749775 -0.06977178
-0.01401319 0.06960999 0.99747585
0.03352960
52
0.00408832
 0.0101368
 0.0255467
0.99993429 0.01122530 0.00232729
-0.01094299 0.99511915 -0.09807201
-0.00341682 0.09804010 0.99517660
0.04732105
53
0.00395409
 0.0091267
 0.0253595
0.99981360 0.01718666 0.00879724
-0.01660528 0.99791521 -0.06236585
-0.00985077 0.06220814 0.99801458
0.04144709
54
0.00393983
0.00861914
 0.0251739
0.99981882 0.01658193 0.00934749
-0.01606948 0.99849362 -0.05246197
-0.01020333 0.05230225 0.99857917
0.03206768
55
0.00461949
0.00817371
 0.0252542
0.99977040 0.02070499 -0.00551823
-0.02096150 0.99845835 -0.05139591
0.00444557 0.05149978 0.99866311
0.03640127
56
0.00422029
0.00792159
 0.0250481
0.99984068 0.01487259 0.00987056
-0.01433808 0.99853498 -0.05217587
-0.01063209 0.05202604 0.99858913
0.03651569
57
0.00396538
0.00783516
 0.0249408
0.99986973 0.00808039 0.01397221
-0.00730283 0.99846882 -0.05483328
-0.01439389 0.05472410 0.99839776
0.02461125
58
0.00400623
0.00876957
  0.025135
0.99992642 0.00741930 0.00959689
-0.00661211 0.99664590 -0.08156728
-0.01016987 0.08149783 0.99662163
0.03676942
59
0.00460047
 0.0078959
 0.0251609
0.99989395 0.01363531 -0.00511505
-0.01389490 0.99840540 -0.05471365
0.00436086 0.05477892 0.99848898
0.03102008
60
0.00470808
0.00752819
 0.0250375
0.99989640 0.01438742 -0.00044421
-0.01439133 0.99859209 -0.05105618
-0.00029098 0.05105729 0.99869568
0.03838861
61
  0.004885
0.00917541
 0.0254933
0.99998178 0.00555180 -0.00237191
-0.00575744 0.99517505 -0.09794629
0.00181669 0.09795816 0.99518888
0.04868002
62
 0.0051611
0.00965074
 0.0256529
0.99996025 0.00739510 -0.00498197
-0.00783400 0.99546942 -0.09475896
0.00425864 0.09479423 0.99548778
0.04415014
63
0.00518795
0.00879803
 0.0253753
0.99986840 0.01608053 0.00214393
-0.01592579 0.99812526 -0.05909603
-0.00309020 0.05905411 0.99825000
0.04458603
64
0.00455442
 0.0070911
 0.0250556
0.99965412 0.01638159 0.02057379
-0.01597306 0.99967504 -0.01986625
-0.02089255 0.01953075 0.99959094
0.06603738
65
0.00499679
0.00692043
 0.0249647
0.99987583 0.01515289 0.00432496
-0.01498016 0.99918402 -0.03750859
-0.00488980 0.03743915 0.99928695
0.05558253
66
0.00509092
0.00686722
 0.0248183
0.99978260 0.02037542 0.00442562
-0.02013177 0.99857258 -0.04947241
-0.00542732 0.04937256 0.99876569
0.04472727
67
0.00484168
0.00513017
 0.0246063
0.99958961 0.02571399 0.01262511
-0.02554948 0.99958872 -0.01302374
-0.01295481 0.01269583 0.99983548
0.07419611
68
0.00455007
0.00478722
 0.0243126
0.99956197 0.02073421 0.02111784
-0.02015164 0.99942043 -0.02743579
-0.02167446 0.02699822 0.99940048
0.06683304
69
0.00434766
0.00483846
  0.024234
0.99963474 0.01794901 0.02020445
-0.01699647 0.99877980 -0.04636850
-0.02101207 0.04600816 0.99872005
0.03902089
70
0.00415767
0.00415967
 0.0241539
0.99971793 0.01439437 0.01889086
-0.01370031 0.99924450 -0.03636939
-0.01940010 0.03610032 0.99915985
0.04488770
71
0.00449245
 0.0043743
 0.0241836
0.99991311 0.01243967 0.00436279
-0.01218281 0.99843152 -0.05464507
-0.00503571 0.05458717 0.99849631
0.02766755
72
0.00455998
0.00551491
 0.0244079
0.99998479 0.00470118 0.00288537
-0.00442233 0.99592916 -0.09003084
-0.00329687 0.09001671 0.99593480
0.04193402
73
0.00446798
0.00474209
 0.0242147
0.99984678 0.01495494 0.00909712
-0.01442540 0.99834186 -0.05572651
-0.00991543 0.05558674 0.99840463
0.03432530
74
0.00526795
0.00581926
 0.0245039
0.99990422 0.00417746 -0.01319488
-0.00536381 0.99581861 -0.09119500
0.01275874 0.09125704 0.99574563
0.06746890
75
0.00485119
0.00585295
 0.0244093
0.99993491 0.00713188 0.00890527
-0.00641660 0.99693927 -0.07791613
-0.00943370 0.07785392 0.99692014
0.03324628
76
 0.0053601
0.00520973
 0.0244062
0.99982355 0.01756894 -0.00664869
-0.01789614 0.99844175 -0.05285639
0.00570970 0.05296605 0.99857999
0.03338200
77
0.00577994
0.00649691
 0.0246949
0.99986513 0.00999492 -0.01303185
-0.01122160 0.99514938 -0.09773322
0.01199180 0.09786628 0.99512732
0.05613710
78
0.00585837
0.00657386
  0.024586
0.99991489 0.01244416 -0.00391776
-0.01272676 0.99645972 -0.08310272
0.00286975 0.08314551 0.99653329
0.04225532
79
0.00601023
0.00681523
 0.0247547
0.99992339 0.01159017 -0.00434448
-0.01190688 0.99657556 -0.08182530
0.00338124 0.08187076 0.99663722
0.03731650
80
 0.0058847
0.00707168
  0.024787
0.99997271 0.00584324 0.00452044
-0.00546357 0.99678992 -0.07987495
-0.00497266 0.07984808 0.99679464
0.02973349
81
0.00634752
0.00703174
   0.02492
0.99987321 0.01207955 -0.01037542
-0.01278855 0.99737785 -0.07123122
0.00948777 0.07135487 0.99740587
0.02831471
82
0.00583577
 0.0065558
 0.0246793
0.99979303 0.01249668 0.01605399
-0.01166750 0.99864353 -0.05074411
-0.01666634 0.05054629 0.99858265
0.03581621
83
0.00555996
0.00690264
 0.0247916
0.99980307 0.00758335 0.01833874
-0.00629517 0.99757542 -0.06930834
-0.01881987 0.06917925 0.99742671
0.03096184
84
0.00582888
 0.0064973
 0.0247482
0.99989350 0.01409858 0.00376973
-0.01387331 0.99842954 -0.05427686
-0.00452904 0.05421878 0.99851881
0.03726236
85
0.00590108
0.00650834
  0.024859
0.99983916 0.01782141 0.00201081
-0.01766420 0.99795344 -0.06145663
-0.00310193 0.06141122 0.99810773
0.02987899
86
0.00570516
 0.0059315
 0.0246951
0.99985596 0.01327503 0.01057536
-0.01281981 0.99903499 -0.04200875
-0.01112282 0.04186713 0.99906127
0.03700216
87
0.00573922
0.00682942
 0.0247943
0.99994881 0.00669878 0.00758311
-0.00605462 0.99661422 -0.08199661
-0.00810672 0.08194650 0.99660376
0.03967516
88
0.00552634
0.00703701
 0.0246074
0.99988816 0.00370996 0.01448825
-0.00256148 0.99691095 -0.07849838
-0.01473472 0.07845249 0.99680896
0.03767664
89
0.00564397
 0.0072107
  0.024674
0.99993135 0.00918594 0.00727428
-0.00858636 0.99687265 -0.07855695
-0.00797315 0.07848910 0.99688309
0.04231455
90
0.00560397
0.00681435
 0.0246231
0.99986465 0.01417657 0.00834906
-0.01366271 0.99818318 -0.05868272
-0.00916581 0.05856071 0.99824177
0.02895370
91
0.00558656
0.00581702
 0.0245074
0.99979344 0.01831276 0.00881629
-0.01806781 0.99946931 -0.02710449
-0.00930797 0.02693960 0.99959373
0.05963654
92
0.00579516
0.00680095
 0.0247771
0.99996596 0.00815729 -0.00124095
-0.00823131 0.99663660 -0.08153368
0.00057169 0.08154112 0.99666981
0.03872245
93
0.00565608
0.00676701
 0.0247331
0.99987678 0.01355513 0.00791697
-0.01294987 0.99731637 -0.07205800
-0.00887248 0.07194659 0.99736902
0.02860045
94
0.00578492
0.00724431
 0.0248173
0.99991254 0.01299630 0.00245098
-0.01273541 0.99616506 -0.08656201
-0.00356657 0.08652322 0.99624345
0.03980357
95
0.00548545
0.00568464
 0.0246211
0.99965896 0.02047410 0.01621026
-0.02016503 0.99961601 -0.01900547
-0.01659315 0.01867211 0.99968796
0.06955576
96
0.00571877
0.00605712
 0.0247046
0.99985565 0.01679195 0.00259211
-0.01662484 0.99836042 -0.05477306
-0.00350761 0.05472206 0.99849546
0.02320580
97
0.00585972
0.00630178
 0.0247382
0.99996352 0.00847065 -0.00110212
-0.00852507 0.99776576 -0.06626323
0.00053836 0.06627020 0.99780157
0.04131458
98
0.00558584
0.00743814
 0.0249295
0.99989763 0.00667024 0.01265826
-0.00526793 0.99416417 -0.10774905
-0.01330310 0.10767134 0.99409754
0.06469127
99
 0.0060354
0.00865148
 0.0253169
0.99995691 0.00288420 -0.00882364
-0.00404126 0.99096426 -0.13406527
0.00835724 0.13409516 0.99093322
0.09464901
100
0.00627183
 0.0100153
 0.0256176
0.99994535 -0.00049105 -0.01044342
-0.00111221 0.98823182 -0.15295961
0.01039563 0.15296286 0.98817726
0.11864435
